Number,x,MR
1,49.6,
2,47.6,2
3,49.9,2.3
4,51.3,1.4
5,47.8,3.5
6,51.2,3.4
7,52.6,1.4
8,52.4,0.2
9,53.6,1.2
10,52.1,1.5
